nav_points:
  p_0:
    p_x: 0.043784508228394234
    p_y: -0.014758631951823043
    yaw: 0.1483375559026601
  p_1:
    p_x: -1.1222663962750739
    p_y: 0.9672056738413723
    yaw: 0.6119579204817003
  p_2:
    p_x: 0.468971222861572
    p_y: 0.6294390618627588
    yaw: -2.086171805607438
